$ANSIBLE_VAULT;1.1;AES256
64613130623930633532396630616662383366363832626364303930313866643538376666633462
3463653237306466613233643731663136623336343632340a643563623436323232653030303639
34633966653765383562383466383363376139373738346165663230326463613064656335616536
3264373666313037360a616262633937343138646638616464623637366332613638396336613535
32383964663032393838666663336362373831383434316239633338313931383936373862653864
63373533356630383861636661333933333731326239323765376563663735386163306638343532
37383637643632656333316638333365643930333062623133663030636262636532666637646430
66626536396233363438333339303662313632356365653563346262373139626336326566653532
38316533353836633532303636386666306534383736633737613261323434333765313731313930
61313131623761373337333938646531303561643830303933616266373063633031336139346630
66663865666238313461363736333133376339373662366362363066303938386166396564376437
39356662633035663866373634643733623830346531313135613939306636616634333934373865
35346432326231336362343865353961383038653562623062303335383530333635636435386633
64653632353336333038646238303432353231396134303939666237616534373338663664343431
37663834393861663539623963613735396533383435643862383533643761626661613061336535
66666461356461376161656261623763613339653836323266363937336439386234316630363965
64656435366665353731386535303534303339383037323366663963663036333032643662653134
37353833313536623339623764353636616532643566643766336461643465653437383163363431
62613566646634383065313063306137646332323064313233353437663365616432356563376166
39343632366333376566346635613735306633353134623239616465626637373339376262653964
34323463353637373435303361376235663036373135313666363833656133303837336235383230
65633536353631396333343237383065666166656166333030623062303461616533656662653764
31663665653862643462386536643832396164633137323232336261333436613262623632653765
64313566346563386564393732303365346334366262346366373139623665646538333732353939
33306663626130363963393762316232626237343339376263373364353732313663666332316266
62396466666233656337666135316634336137303461326163333463643133663536643730626261
66313338333835376630313332666238313730386432383538363364363232316163343562323434
33306361643936623337316631633736636538636263623534356537636264353861313236666237
31613863376463316262376335343962336165343934663435653664633032353337303665643533
32313230353536383237363735326262653863623335376439613433663437646338326566326333
34356363336461353464623666383030373662346232656538323731373835393564323363383339
38636135336662313461666437663835623737613239613664303164343762373533623466666262
63653362343437383133636661663537613731623061353938316461316164346363613165646232
61396164613630316661653631656332373162643839383166663032356238346437613436383731
66313664353639653664633262383633653438363032316561383765643731386464656132663932
32646531303264653966323236333330333032363065636338303032313966343730383266643838
34356134636162323032353538323032326338383232633837366238623434353235366636373738
35346434643839616339623765396430663064386361353336393861626635363364663233343430
32363466353963633965323337313034356331336366316635386564643064373234353537376231
64373461353232373632353238616538393736383665643366666663623635663837373936303166
36363236613237356262313939643032373461636630393665636334666431353836316534666562
32353465386330626630346264386432383239393262643234336666623637383137656161326161
36656666646337613666373637306262643538396163356336343134373362303839656533633162
39366464383764306336346461353134383336353034303761323964313761343863656336336138
35616437353464663862626235643365383562626333653634626561356438616232383065636261
30653464653266313030653763663863343164323538393037653836313534316336333764356534
31646265616162633737306662653866313132613465333663383862366165313337393766316663
66373263613939363466643735373533376135346462333163666239356262393263303066363533
33306536663935636435313934316335343331636162623030666363346232396363663530313966
36616239623433333262313333663866623831353262663564333339396336373730636463373135
63393338383735636235643235313737643530376635356438626631633330376135373533646136
36373132333539376231313237623838663031643436613766336231313634613734363835353366
30626136356262623238653336326335393137656262326362636266393431323833613162623739
32363630666234323562613834303933323236623461353234323633303837653035303661343838
32646164353635356663303462613465633063633638613130313535666637663931303637616236
33393938643166666335376333633264353234636331613964623735336265323739646664653361
65633162343061303561336165323763663130633764353037343263343034643865393032313966
65666537613966366237386264643736633361666634396465623839333030313238323931616363
63623237623662393732623138343137333563303263353561623065383761343030653534326336
36333462343463323634333135313862393863653731306262353266353536306435303664623735
65373136303030333431623361366361323134623534343033613234663863626364626666656666
66313539326133643232613633373533653734343933613135356536613762626632316239383665
64616162653137613930336562646436616232346564653035643563373038343438326666313535
36316662316161323437653162393030306163346536393730666535666138393233643863366265
39383232343132643133666261366232393162383136656334316131376130663736656233343263
33323061643766393830616563303935353163636135623637316639616333373138356238326337
34313165343462653339353138393263346537613438616532316538353234383664323665323834
64343766303632356638623636346634333661633233653036613665393662396138633862333732
31396165366562383561326430643961623432396564653533326137616637383937303430343733
39636539336239366461353138636636643966663461613662613363386237383434643239393863
61663266626239323262626337653535336333636538343132303434393831303535613435643463
33663839333562636338346633316438366431366638663331646333343331666431613831323633
64663063376239336632663864663538623362633661306430646235306435663462306332613736
63326535663866376232326631653766623934663635393339323065653135346566356538303062
32656633636333643362616666656163366630306533663133663837636635666439373831386264
31386165366364396130663864636333386535396262636433313834663262646534613862646230
34363462656436656335333036633763356531343061303730306566643463623531646165626164
62653337383139356665343931616563306261623934653961346436306438363665363138363461
37336161396665363136346331313738636533376664353432333265666232386232333634636133
39346331623164383031306363306330353961396361396163656639643535643765366535386132
37343231336263343237393536323166363933653639643164366533616330313166346161306230
63313636626631366331613861333239623033303064666339333135323833626239393839393063
65313364666662613032346332613333343139613936623835666334653831633430663461316532
31333032353962333632396665386539343966663739343764383934616637333937373866346633
37346135616631336132393361653862346232626161356662626364643665313063336337353139
37373831356338313937613764646534303933353361626433386337366134663738323263633636
35366432323165343363313366303864623933646466393738333866326362356233356666353734
39306634663766663632316137643731646662626333393463626331333836663734383231643266
30316335633037653635663538343937646635333331323162353035323336323965616363316361
34336532303366326563323636366138376565643934316135643666656436613534373631386330
30386637363464626334336237383366383031303130346334646164376165633666333930643762
63346563393165383362373166623663393466323835376362653165313935393130656639663833
66303837643765643138616335356161376262386462343436376132346535396132363163313338
33643730303331306266626365353636363261323937633431326331366264333163663763613432
34383661373163313766393363393635333732396463616234646238306363333764356138336635
33643537646539633834383330396562636464666639663638343839623636383335356136353233
65653039386239356662353764353438373465613630333337383937356665613238393666353061
34376263376235623632633739633166333338366137616137616164666264663339346433376331
38326665353233336330633131396264393765353738376662653131333330323131633836656231
61626133323264313833323735363663623833373938333436653631373033303533646537623764
33323530366135353166363837646565633266643431636532383132386261333363303263623063
66316331656266333737303335666333623436346166623964343634303662636634626238333031
34353030366630323239363636383633393636376564623439323039666231356332316564656535
35386133316632396239653262613639303164626533353730643664353138393862396533393963
66363833613833653461313663393764333839316434336238633938313561626432323662373263
61663437323964326162313031313235353162303535323262353136333831356565323237343734
61376261636661313434313233633466643739386261363265396535316631313939383632373563
39356236663465396439643837303433386462306639383736363330333034393263336464366532
30663430366166373966623833393761326563626637336338663738396630356430316631373334
39346630636331613662626237333332306435313766323435343234656236393938363930613137
64313532643161663762633036313736643966653865386631383931663961636462353335653938
39383438616361636139653964313665373539636537363432313562373161353135316334353632
39653335313834373566373032653862623134383039616266303239636132316431353733613234
62663437393766373461363934633334336366386231386466386564643965666533653139613661
64346231353230393539626162383065626636363437326663396133383036633033313236376661
36313635623465326564333939313137323332363962376338636561616338376664656335313235
64346434383834336566646431376637643734633964363332303633363063613065356636376133
66333030323537323139346662303133376338383635343236323263626439333031613534663865
32303833346439383764363035303335363639633538386434363737323937666131653061343033
39663566326536393961363438356538393462636532366338633930326362306437623832346239
64366436643639646663656437303536633161653133636433616333623764653830653661626565
32383634383562343464373034323534633530306439303333323563356331326361623338643237
38356131643633346638346634336136626432613431386666396131303631656539646436343639
37646632383131653931656461626337323264633362393361313966373737643361323664656235
31346134346236393235366134646436333766313233623963303337383032306638313365393764
37306336343030323134343361336434646431363631646532323038653738633330313530393637
30346438323332393738643165656466303865386332323163643735373166646265386537316165
62323038333530666635326435356265613437626266613532336231393166333032366337343461
62323731376562636535616131616565383135376634333137613562616465666662646130393763
33613465323966376534343530303233363631663330646363343933376164333461333230373030
65653533353162323536616531303931346635613538323739613363663230326661386631353435
36663631636663653437663833623963613931343265653834643331326538613134636434623965
66633233333532343332623361376666393635353062626466663264363833613332
